932965508
933277635
932530270
932727372
933185809
933286213
933339672
932788749
932998058
932930379
932671156
932772503
932923684
932876939
933186707
932670476
932789034
932725109
933312777
932580796
933319436
933657613
932674681
933288999
932725582
932918217
933504384
933052560
933312584
933190654
933335106
933248084
932953186
933342357
933338971
932792153
933042894
931794780
931651697
933199613
933018820
933333059
932779005
933611033
933345330
933236385
933324777
932997278
932535435
933665306
1234
